#Y_ddmmss.00000 X_dddmmss.00000
283030.00000 1293945.00000
281130.00000 1291245.00000
281630.00000 1291715.00000
281930.00000 1293215.00000
274030.00000 1285615.00000
274430.00000 1290215.00000
272330.00000 1283945.00000
282130.00000 1300045.00000
452430.00000 1414545.00000
451730.00000 1410215.00000
451030.00000 1410815.00000
445330.00000 1414415.00000
442130.00000 1414245.00000
442130.00000 1422745.00000
445630.00000 1423515.00000
440530.00000 1433215.00000
262030.00000 1264845.00000
261330.00000 1271845.00000
270130.00000 1282745.00000
265530.00000 1275745.00000
264230.00000 1274845.00000
264030.00000 1275915.00000
264630.00000 1281245.00000
264430.00000 1281845.00000
263530.00000 1275915.00000
263730.00000 1280945.00000
262430.00000 1274415.00000
262930.00000 1275145.00000
262730.00000 1275615.00000
261330.00000 1274245.00000
261830.00000 1275445.00000
261730.00000 1274845.00000
261030.00000 1274845.00000
260730.00000 1273945.00000
260930.00000 1275315.00000
434230.00000 1420215.00000
433630.00000 1412315.00000
432730.00000 1422745.00000
431130.00000 1404715.00000
431430.00000 1415315.00000
430930.00000 1413645.00000
424230.00000 1400345.00000
424530.00000 1420815.00000
422430.00000 1410645.00000
422030.00000 1422145.00000
435130.00000 1424545.00000
435830.00000 1441845.00000
432730.00000 1434545.00000
430130.00000 1425315.00000
425430.00000 1435145.00000
425730.00000 1443215.00000
433930.00000 1450815.00000
431330.00000 1453345.00000
243930.00000 1244115.00000
242730.00000 1230045.00000
242330.00000 1234415.00000
242730.00000 1240815.00000
242030.00000 1240945.00000
242030.00000 1241245.00000
241830.00000 1235445.00000
241930.00000 1240515.00000
241330.00000 1240045.00000
240330.00000 1234545.00000
245430.00000 1251845.00000
244830.00000 1251115.00000
244730.00000 1251715.00000
244430.00000 1251715.00000
421030.00000 1393045.00000
421530.00000 1401715.00000
421330.00000 1401845.00000
415730.00000 1400815.00000
415330.00000 1404115.00000
414930.00000 1410815.00000
414930.00000 1410945.00000
413130.00000 1405445.00000
412830.00000 1401545.00000
412430.00000 1410945.00000
411330.00000 1402445.00000
411130.00000 1410215.00000
411830.00000 1412015.00000
410030.00000 1402615.00000
410230.00000 1403815.00000
410830.00000 1404845.00000
410730.00000 1411715.00000
405430.00000 1410215.00000
405830.00000 1412315.00000
404630.00000 1401245.00000
404430.00000 1402615.00000
404730.00000 1403815.00000
404930.00000 1405145.00000
404830.00000 1410815.00000
415530.00000 1431415.00000
403530.00000 1395445.00000
395230.00000 1395015.00000
391130.00000 1393345.00000
391430.00000 1395445.00000
403430.00000 1401845.00000
403630.00000 1404115.00000
403130.00000 1403515.00000
403530.00000 1411245.00000
403030.00000 1411845.00000
403130.00000 1413215.00000
402230.00000 1400045.00000
402030.00000 1410815.00000
402530.00000 1414245.00000
401230.00000 1400045.00000
401830.00000 1401715.00000
401530.00000 1403345.00000
401630.00000 1404715.00000
401630.00000 1411845.00000
401530.00000 1412915.00000
401330.00000 1414245.00000
400530.00000 1400515.00000
400630.00000 1402745.00000
400630.00000 1404715.00000
400830.00000 1410645.00000
400230.00000 1412615.00000
400930.00000 1413515.00000
395630.00000 1400645.00000
395930.00000 1402445.00000
395830.00000 1411415.00000
395730.00000 1410345.00000
395030.00000 1412745.00000
395230.00000 1413945.00000
395530.00000 1415445.00000
395030.00000 1414715.00000
394330.00000 1400645.00000
394830.00000 1403515.00000
394230.00000 1404415.00000
394130.00000 1405915.00000
394430.00000 1411415.00000
393430.00000 1401115.00000
393230.00000 1402315.00000
393530.00000 1403345.00000
393330.00000 1410945.00000
393030.00000 1412015.00000
393730.00000 1413645.00000
393130.00000 1413945.00000
393830.00000 1415745.00000
392630.00000 1400515.00000
392330.00000 1403215.00000
392830.00000 1404845.00000
392330.00000 1410645.00000
392830.00000 1415915.00000
391330.00000 1400815.00000
391730.00000 1401715.00000
391830.00000 1404715.00000
391330.00000 1410815.00000
391030.00000 1412145.00000
391930.00000 1413515.00000
391530.00000 1415315.00000
390930.00000 1402915.00000
390530.00000 1401715.00000
390530.00000 1404415.00000
390730.00000 1410345.00000
390930.00000 1412445.00000
390730.00000 1413945.00000
372330.00000 1365445.00000
372930.00000 1371115.00000
385730.00000 1395615.00000
385430.00000 1395015.00000
384330.00000 1395015.00000
383730.00000 1393515.00000
383130.00000 1394715.00000
383030.00000 1394715.00000
382730.00000 1391545.00000
382930.00000 1393215.00000
382330.00000 1395915.00000
381430.00000 1382445.00000
381330.00000 1392915.00000
380230.00000 1381415.00000
380330.00000 1382445.00000
380530.00000 1393345.00000
380330.00000 1394415.00000
380230.00000 1395915.00000
375530.00000 1390345.00000
375730.00000 1391845.00000
375530.00000 1395145.00000
374830.00000 1381415.00000
374530.00000 1385315.00000
374430.00000 1391115.00000
374030.00000 1392745.00000
373230.00000 1384115.00000
373130.00000 1384115.00000
373430.00000 1390215.00000
373530.00000 1393815.00000
373830.00000 1394715.00000
372230.00000 1383345.00000
372530.00000 1385445.00000
372030.00000 1390815.00000
372030.00000 1391845.00000
372830.00000 1393215.00000
372030.00000 1393645.00000
372930.00000 1395445.00000
385830.00000 1402015.00000
385530.00000 1410815.00000
385030.00000 1412015.00000
385530.00000 1413515.00000
384430.00000 1400815.00000
384630.00000 1401845.00000
384830.00000 1403815.00000
384530.00000 1403045.00000
384330.00000 1410045.00000
384730.00000 1412015.00000
384430.00000 1411845.00000
384030.00000 1412745.00000
383530.00000 1402315.00000
383530.00000 1404545.00000
383430.00000 1410945.00000
382430.00000 1401415.00000
382430.00000 1402745.00000
382630.00000 1405315.00000
382630.00000 1411845.00000
381030.00000 1400515.00000
381530.00000 1402015.00000
381030.00000 1403815.00000
381730.00000 1405915.00000
381730.00000 1413045.00000
381730.00000 1413215.00000
380330.00000 1400945.00000
380030.00000 1403645.00000
380230.00000 1405445.00000
375430.00000 1400515.00000
375930.00000 1402615.00000
375830.00000 1404715.00000
374830.00000 1403345.00000
374730.00000 1405445.00000
373430.00000 1400645.00000
373530.00000 1402615.00000
373930.00000 1404245.00000
373330.00000 1405915.00000
372430.00000 1400815.00000
372730.00000 1402015.00000
372630.00000 1403045.00000
372630.00000 1404245.00000
361730.00000 1331415.00000
361230.00000 1332015.00000
360530.00000 1325915.00000
371830.00000 1370945.00000
370830.00000 1364415.00000
370230.00000 1365315.00000
370730.00000 1370045.00000
365130.00000 1364715.00000
365130.00000 1365915.00000
364230.00000 1365615.00000
364830.00000 1372315.00000
364130.00000 1371545.00000
363330.00000 1363945.00000
363530.00000 1364845.00000
363430.00000 1370815.00000
363630.00000 1371845.00000
362030.00000 1363215.00000
362130.00000 1365315.00000
362830.00000 1371415.00000
362730.00000 1370215.00000
361830.00000 1361845.00000
361730.00000 1362915.00000
361630.00000 1364115.00000
361030.00000 1363815.00000
361530.00000 1365445.00000
361830.00000 1370645.00000
361830.00000 1371545.00000
360130.00000 1360045.00000
360830.00000 1361715.00000
360430.00000 1361845.00000
360130.00000 1365745.00000
360830.00000 1371845.00000
360230.00000 1372915.00000
355230.00000 1361415.00000
355930.00000 1362915.00000
355430.00000 1363945.00000
355230.00000 1365145.00000
355230.00000 1371245.00000
354230.00000 1350645.00000
354130.00000 1360215.00000
354130.00000 1362915.00000
354530.00000 1364845.00000
354330.00000 1365745.00000
354030.00000 1370815.00000
371030.00000 1381415.00000
371730.00000 1384245.00000
371430.00000 1385615.00000
371130.00000 1393215.00000
371430.00000 1395145.00000
370030.00000 1375315.00000
370330.00000 1380345.00000
370730.00000 1382615.00000
370730.00000 1382745.00000
370030.00000 1383945.00000
370730.00000 1384545.00000
370330.00000 1385615.00000
370130.00000 1392315.00000
370530.00000 1394245.00000
365730.00000 1373345.00000
365830.00000 1381415.00000
365030.00000 1382145.00000
365130.00000 1383645.00000
365330.00000 1384715.00000
365130.00000 1394415.00000
365830.00000 1394715.00000
364730.00000 1375445.00000
364230.00000 1375745.00000
364830.00000 1381245.00000
364730.00000 1381115.00000
364530.00000 1381845.00000
364330.00000 1385315.00000
364530.00000 1391415.00000
364330.00000 1394115.00000
364830.00000 1395615.00000
363730.00000 1381415.00000
363230.00000 1383815.00000
363530.00000 1385015.00000
363830.00000 1390215.00000
363130.00000 1390045.00000
363030.00000 1390045.00000
363730.00000 1392615.00000
363030.00000 1392445.00000
363030.00000 1394115.00000
363230.00000 1395315.00000
362930.00000 1375145.00000
362230.00000 1380645.00000
362930.00000 1382745.00000
362630.00000 1382015.00000
362030.00000 1382445.00000
362530.00000 1384715.00000
362330.00000 1390645.00000
362630.00000 1392315.00000
362130.00000 1391545.00000
362830.00000 1394845.00000
362530.00000 1395445.00000
361430.00000 1373045.00000
361230.00000 1375615.00000
361230.00000 1381245.00000
361530.00000 1385315.00000
361130.00000 1391415.00000
361830.00000 1392745.00000
361830.00000 1394115.00000
361430.00000 1393215.00000
361830.00000 1395915.00000
360530.00000 1374115.00000
360230.00000 1375615.00000
360130.00000 1381415.00000
360830.00000 1382745.00000
360930.00000 1383945.00000
360730.00000 1385445.00000
360630.00000 1385445.00000
360330.00000 1385445.00000
360230.00000 1385615.00000
360530.00000 1390645.00000
360530.00000 1392745.00000
360930.00000 1395145.00000
360330.00000 1395915.00000
355730.00000 1373515.00000
355730.00000 1374845.00000
355230.00000 1375915.00000
355730.00000 1383945.00000
355730.00000 1385915.00000
355330.00000 1391115.00000
355630.00000 1392315.00000
355930.00000 1393945.00000
355130.00000 1395145.00000
355030.00000 1395315.00000
354730.00000 1374245.00000
354930.00000 1382315.00000
354230.00000 1384415.00000
354530.00000 1385615.00000
354830.00000 1390945.00000
354330.00000 1390345.00000
354430.00000 1392615.00000
354030.00000 1393815.00000
354330.00000 1394715.00000
371530.00000 1401545.00000
371130.00000 1402315.00000
371630.00000 1403815.00000
371630.00000 1410045.00000
370730.00000 1401415.00000
370530.00000 1403215.00000
370030.00000 1405145.00000
370830.00000 1410045.00000
365830.00000 1400345.00000
365130.00000 1400645.00000
365230.00000 1402445.00000
365430.00000 1404715.00000
364330.00000 1400215.00000
364630.00000 1402145.00000
364330.00000 1402915.00000
364230.00000 1404115.00000
363130.00000 1401245.00000
363330.00000 1402145.00000
363230.00000 1402015.00000
363230.00000 1403215.00000
362330.00000 1401715.00000
362230.00000 1402745.00000
361130.00000 1401545.00000
361130.00000 1403345.00000
360630.00000 1402445.00000
355130.00000 1400645.00000
355730.00000 1402015.00000
355730.00000 1403645.00000
355730.00000 1403815.00000
354630.00000 1402915.00000
354230.00000 1405145.00000
343930.00000 1292915.00000
342830.00000 1291845.00000
341130.00000 1291715.00000
350930.00000 1322445.00000
345630.00000 1320645.00000
345330.00000 1322745.00000
344330.00000 1315145.00000
344530.00000 1320515.00000
344630.00000 1322745.00000
344330.00000 1321715.00000
343730.00000 1313815.00000
343330.00000 1320045.00000
343630.00000 1321845.00000
342430.00000 1311245.00000
342730.00000 1312745.00000
342830.00000 1314715.00000
342930.00000 1320945.00000
342030.00000 1320045.00000
342830.00000 1322015.00000
341730.00000 1305745.00000
341130.00000 1311115.00000
341030.00000 1312745.00000
341330.00000 1314845.00000
341730.00000 1321545.00000
340130.00000 1305445.00000
340330.00000 1313345.00000
340830.00000 1314715.00000
340930.00000 1321115.00000
353030.00000 1333345.00000
353530.00000 1342015.00000
353330.00000 1342915.00000
353930.00000 1344545.00000
353530.00000 1345745.00000
353430.00000 1345745.00000
352630.00000 1324715.00000
352730.00000 1330345.00000
352130.00000 1331115.00000
352430.00000 1332315.00000
352930.00000 1334545.00000
352230.00000 1334545.00000
352730.00000 1340345.00000
352430.00000 1341415.00000
352430.00000 1343645.00000
352830.00000 1344545.00000
352830.00000 1345745.00000
351530.00000 1324415.00000
351430.00000 1325615.00000
351030.00000 1330515.00000
351630.00000 1332915.00000
351630.00000 1335615.00000
351530.00000 1341415.00000
351030.00000 1340345.00000
351930.00000 1344415.00000
350430.00000 1323515.00000
350430.00000 1324715.00000
350230.00000 1325445.00000
350930.00000 1331545.00000
350930.00000 1333645.00000
350430.00000 1333045.00000
350930.00000 1335145.00000
350430.00000 1340815.00000
350930.00000 1342315.00000
350030.00000 1342145.00000
350930.00000 1343345.00000
350430.00000 1344715.00000
350330.00000 1344715.00000
345630.00000 1323815.00000
345330.00000 1324715.00000
345630.00000 1330645.00000
345530.00000 1332015.00000
345830.00000 1335015.00000
345030.00000 1340515.00000
345530.00000 1343345.00000
345330.00000 1345745.00000
344030.00000 1324245.00000
344630.00000 1325445.00000
344130.00000 1330815.00000
344630.00000 1331715.00000
344730.00000 1333645.00000
344430.00000 1335615.00000
344730.00000 1342915.00000
344330.00000 1341545.00000
344630.00000 1344415.00000
344030.00000 1345445.00000
343230.00000 1325745.00000
343630.00000 1333045.00000
343530.00000 1334845.00000
343630.00000 1340945.00000
343230.00000 1345615.00000
342830.00000 1323215.00000
342330.00000 1325315.00000
342630.00000 1331115.00000
342830.00000 1332315.00000
342130.00000 1333515.00000
342930.00000 1335615.00000
342330.00000 1334545.00000
342830.00000 1341845.00000
342030.00000 1345315.00000
341730.00000 1323515.00000
341130.00000 1324415.00000
341730.00000 1331115.00000
341530.00000 1330215.00000
341730.00000 1334715.00000
341530.00000 1335915.00000
341430.00000 1341245.00000
341530.00000 1344245.00000
340630.00000 1323215.00000
340230.00000 1325745.00000
340930.00000 1334115.00000
340930.00000 1335615.00000
340030.00000 1340945.00000
340830.00000 1342745.00000
340430.00000 1342615.00000
340430.00000 1343045.00000
353330.00000 1350945.00000
353030.00000 1360945.00000
353530.00000 1364415.00000
353330.00000 1370045.00000
353930.00000 1372615.00000
352230.00000 1350645.00000
352730.00000 1352615.00000
352830.00000 1353815.00000
352330.00000 1353945.00000
352730.00000 1355145.00000
352130.00000 1355445.00000
352530.00000 1361715.00000
352230.00000 1362915.00000
352830.00000 1363515.00000
352630.00000 1365315.00000
352930.00000 1372915.00000
352030.00000 1371545.00000
351730.00000 1351545.00000
351030.00000 1352145.00000
351630.00000 1353345.00000
351130.00000 1354415.00000
351130.00000 1355615.00000
351330.00000 1361115.00000
351030.00000 1362745.00000
351430.00000 1363815.00000
351730.00000 1364545.00000
351030.00000 1365315.00000
351430.00000 1370345.00000
350930.00000 1350215.00000
350330.00000 1351715.00000
350430.00000 1353215.00000
350330.00000 1354715.00000
350330.00000 1361115.00000
350830.00000 1364245.00000
350530.00000 1370345.00000
350730.00000 1371845.00000
345230.00000 1351415.00000
345930.00000 1352915.00000
345330.00000 1353645.00000
345630.00000 1355615.00000
345230.00000 1360345.00000
345630.00000 1361715.00000
345830.00000 1363345.00000
345630.00000 1365015.00000
345430.00000 1370515.00000
345430.00000 1371715.00000
344230.00000 1351545.00000
344130.00000 1353045.00000
344730.00000 1354845.00000
344230.00000 1360945.00000
344930.00000 1362445.00000
344330.00000 1365315.00000
344730.00000 1370645.00000
344530.00000 1372315.00000
344430.00000 1372315.00000
343730.00000 1350345.00000
343630.00000 1354545.00000
343130.00000 1355615.00000
343730.00000 1360515.00000
343830.00000 1362145.00000
343230.00000 1363515.00000
343830.00000 1370945.00000
342030.00000 1351415.00000
342530.00000 1352745.00000
342830.00000 1353645.00000
342030.00000 1353645.00000
342630.00000 1354845.00000
342230.00000 1355915.00000
342530.00000 1362015.00000
342130.00000 1362445.00000
342130.00000 1363815.00000
342530.00000 1365015.00000
341130.00000 1351245.00000
341530.00000 1352315.00000
341630.00000 1354545.00000
341630.00000 1361245.00000
341630.00000 1365315.00000
340530.00000 1350645.00000
340530.00000 1352615.00000
340930.00000 1354545.00000
340030.00000 1355745.00000
340730.00000 1360045.00000
340930.00000 1361715.00000
353630.00000 1373645.00000
353630.00000 1375615.00000
353430.00000 1381845.00000
353330.00000 1382745.00000
353930.00000 1383215.00000
353630.00000 1385445.00000
353630.00000 1392445.00000
353130.00000 1391715.00000
353130.00000 1393045.00000
353030.00000 1393215.00000
352930.00000 1374245.00000
352830.00000 1375315.00000
352330.00000 1382745.00000
352830.00000 1384845.00000
352130.00000 1385915.00000
352530.00000 1392015.00000
352130.00000 1392745.00000
351830.00000 1373815.00000
351230.00000 1373045.00000
351930.00000 1375615.00000
351230.00000 1375615.00000
351030.00000 1381115.00000
351430.00000 1382145.00000
351430.00000 1383645.00000
351630.00000 1391115.00000
351530.00000 1394115.00000
351830.00000 1395015.00000
350830.00000 1374245.00000
350230.00000 1374245.00000
350630.00000 1383345.00000
350730.00000 1384715.00000
350630.00000 1390045.00000
350830.00000 1393645.00000
350030.00000 1395615.00000
345730.00000 1375315.00000
345630.00000 1380345.00000
345430.00000 1381115.00000
345830.00000 1382615.00000
345530.00000 1385615.00000
344930.00000 1373945.00000
344230.00000 1373345.00000
344530.00000 1374545.00000
344030.00000 1375015.00000
344530.00000 1380515.00000
344530.00000 1385145.00000
344630.00000 1390215.00000
344430.00000 1392145.00000
343530.00000 1381415.00000
343130.00000 1391715.00000
340430.00000 1392915.00000
353930.00000 1400645.00000
353030.00000 1401115.00000
353830.00000 1402745.00000
352630.00000 1402315.00000
351730.00000 1400515.00000
351630.00000 1402015.00000
350730.00000 1400945.00000
334730.00000 1294545.00000
334430.00000 1294545.00000
333230.00000 1295315.00000
332330.00000 1292615.00000
332130.00000 1293345.00000
332030.00000 1294245.00000
331030.00000 1294115.00000
331630.00000 1295315.00000
330330.00000 1293645.00000
330430.00000 1295145.00000
325830.00000 1290645.00000
325530.00000 1295745.00000
325430.00000 1294845.00000
324730.00000 1285145.00000
324630.00000 1294845.00000
323730.00000 1283645.00000
323430.00000 1294715.00000
335430.00000 1303945.00000
335730.00000 1311845.00000
335930.00000 1320815.00000
335630.00000 1321115.00000
334730.00000 1302745.00000
334130.00000 1304245.00000
334930.00000 1305615.00000
334330.00000 1313815.00000
333030.00000 1300815.00000
333330.00000 1302615.00000
333030.00000 1303215.00000
333230.00000 1305145.00000
333430.00000 1310945.00000
333130.00000 1312445.00000
332630.00000 1301845.00000
332330.00000 1304415.00000
332030.00000 1305615.00000
332630.00000 1310645.00000
332630.00000 1314245.00000
332230.00000 1313215.00000
332130.00000 1313215.00000
332930.00000 1322145.00000
332230.00000 1322445.00000
331530.00000 1300345.00000
331730.00000 1301715.00000
331230.00000 1302615.00000
331330.00000 1303815.00000
331730.00000 1310945.00000
331430.00000 1312015.00000
331030.00000 1313645.00000
331430.00000 1315145.00000
331030.00000 1321715.00000
330430.00000 1300645.00000
330530.00000 1310515.00000
330230.00000 1314115.00000
325630.00000 1302745.00000
325230.00000 1301845.00000
325930.00000 1304415.00000
325830.00000 1304845.00000
325730.00000 1312315.00000
325830.00000 1313515.00000
325130.00000 1314115.00000
325330.00000 1315915.00000
324630.00000 1300045.00000
324030.00000 1300945.00000
324630.00000 1304715.00000
324030.00000 1305915.00000
324830.00000 1310345.00000
324030.00000 1311115.00000
324330.00000 1315015.00000
323930.00000 1301845.00000
323730.00000 1303215.00000
323330.00000 1304115.00000
323230.00000 1304115.00000
323030.00000 1305745.00000
323930.00000 1312145.00000
323530.00000 1314115.00000
322230.00000 1300045.00000
322530.00000 1301715.00000
322230.00000 1303945.00000
322330.00000 1305015.00000
322930.00000 1310815.00000
322330.00000 1312015.00000
322530.00000 1313645.00000
335830.00000 1323815.00000
335130.00000 1324545.00000
335430.00000 1330345.00000
335530.00000 1331545.00000
335730.00000 1333045.00000
335830.00000 1334545.00000
335130.00000 1335445.00000
335330.00000 1342445.00000
335530.00000 1343945.00000
334430.00000 1324715.00000
334330.00000 1333215.00000
334230.00000 1335145.00000
334630.00000 1340645.00000
333230.00000 1323945.00000
333630.00000 1325745.00000
333430.00000 1330945.00000
333330.00000 1333345.00000
333930.00000 1342445.00000
333230.00000 1341715.00000
332630.00000 1325145.00000
332330.00000 1331715.00000
332530.00000 1340045.00000
331230.00000 1323345.00000
331930.00000 1324845.00000
331530.00000 1330815.00000
331730.00000 1340945.00000
330830.00000 1324415.00000
325730.00000 1323345.00000
325630.00000 1324415.00000
325030.00000 1324245.00000
325930.00000 1330045.00000
324630.00000 1325745.00000
335530.00000 1350945.00000
335330.00000 1352915.00000
335630.00000 1354845.00000
335030.00000 1354715.00000
335930.00000 1361245.00000
335230.00000 1360345.00000
334930.00000 1353815.00000
334330.00000 1355915.00000
333830.00000 1352445.00000
333030.00000 1353645.00000
333030.00000 1355015.00000
335330.00000 1393515.00000
330630.00000 1394715.00000
330330.00000 1394845.00000
315030.00000 1295445.00000
313830.00000 1294245.00000
321730.00000 1301415.00000
321130.00000 1300215.00000
321330.00000 1302745.00000
321630.00000 1305915.00000
321230.00000 1304545.00000
321330.00000 1310945.00000
321430.00000 1313345.00000
320330.00000 1302015.00000
320030.00000 1303815.00000
320230.00000 1304845.00000
320430.00000 1310345.00000
320730.00000 1312315.00000
315730.00000 1301245.00000
315430.00000 1302745.00000
315330.00000 1304245.00000
315530.00000 1310045.00000
315930.00000 1311545.00000
315030.00000 1312315.00000
314330.00000 1301545.00000
314530.00000 1303345.00000
314430.00000 1304545.00000
314630.00000 1310945.00000
313530.00000 1302015.00000
313630.00000 1303345.00000
313730.00000 1305745.00000
313430.00000 1312445.00000
313130.00000 1312145.00000
312430.00000 1301115.00000
312230.00000 1302315.00000
312930.00000 1304245.00000
312330.00000 1303215.00000
312230.00000 1305145.00000
312730.00000 1311245.00000
312630.00000 1310045.00000
311530.00000 1301845.00000
311630.00000 1303215.00000
311130.00000 1304845.00000
311730.00000 1310345.00000
311630.00000 1310515.00000
310530.00000 1304115.00000
304730.00000 1310215.00000
295030.00000 1295145.00000
302330.00000 1302615.00000
302530.00000 1305445.00000
